3271
7101
3504
7532
6588
5371
8808
3570
9509
4542
5288
2311
5925
9383
8183
5163
8359
6830
6401
7764
7375
6766
5325
6148
5099
5303
8170
7840
6143
4075
5474
3173
1675
6083
2245
5300
8714
9086
2208
6357
6811
6625
4743
9156
5397
4485
3596
4434
6371
1671
5103
4737
2988
5361
8732
4912
3088
1039
6077
299
8797
2719
914
4649
8748
2674
1326
8013
3612
7718
8418
8245
2804
4876
8950
8999
7617
5481
7277
9089
7403
6801
1234
6487
3080
9439
6459
5436
322
7566
6387
4583
7788
3317
1403
7035
8179
7818
8325
3065
1975
630
364
4372
5340
4084
7134
6912
2840
301
528
1213
6180
7739
7948
3080
3216
6425
7539
3567
2376
9242
5574
9243
9169
2780
3572
215
5399
7490
4409
2080
9501
9354
7143
8653
2162
7341
1937
4
4258
6773
7010
7608
4616
8239
763
3066
5478
5597
6546
3521
7252
5678
4492
4720
8131
1769
5574
315
3875
1923
9454
4745
8159
4972
1590
2195
1747
3673
8941
1955
6124
8446
9315
7524
3016
7283
7685
5138
6142
2027
4928
6048
4438
2796
1916
4209
2859
5847
1082
5991
8829
737
3189
3452
1281
7453
6334
1727
2558
3852
1839
33
2389
6306
1879
6831
1921
5421
4849
2145
7985
5219
9233
8307
1208
8974
3960
6039
2217
2081
7254
6714
4413
5981
1908
3257
5520
8800
5226
3425
1504
9110
5381
1694
4496
543
5843
1650
5334
7204
2673
6672
7972
3721
3466
555
3684
2909
4439
6115
5692
751
5242
5039
4058
6019
8514
7265
4081
3887
5384
7268
471
3529
7854
7612
4890
6349
9273
1363
2214
3427
7129
1340
9178
6053
6427
5994
2016
9091
8453
22
7810
8075
5164
7130
4480
6054
5168
5093
1098
60
7879
4043
4943
1722
4900
3166
2064
915
8542
173
8712
5642
4879
4115
1329
2218
2931
7599
5817
1200
6604
6433
9077
6076
6986
9198
4008
6986
6045
4610
225
4404
527
5739
3055
3822
350
8512
2173
9220
733
5338
8362
8987
2281
2681
7496
4765
5825
5277
5072
2789
1498
7213
4518
5381
5756
718
7099
4554
7580
2231
6555
8096
6550
1042
6883
3957
9192
6929
1350
7249
1371
1669
9162
1837
6771
2078
8629
5716
1565
7100
6664
3926
4329
8909
3571
1695
2581
2639
7523
3631
8420
1766
8630
3461
7985
7988
2935
6686
6140
7982
1624
7008
3841
8746
687
6246
4950
2601
4413
2035
1419
4894
2720
8258
2586
8256
6693
4168
2229
1774
7312
9507
7464
1176
4296
5724
8081
8388
8273
7930
6255
3284
4658
2763
3793
9159
101
8019
8488
4662
4855
6358
5969
9285
1768
2860
7601
2694
2579
848
6826
1970
2852
3903
8474
7664
7078
4312
6215
638
7330
8059
4775
8449
8564
2352
6753
4719
4517
1761
271
5881
6706
8276
9341
2237
2528
4597
2800
7016
7739
6176
1830
832
4203
776
2673
7009
3846
833
6680
5413
5389
79
2065
6750
7918
2681
2283
6797
404
7477
2314
9060
1080
6772
3607
239
736
3880
4159
7310
7015
5538
6834
2849
2651
8034
3553
9010
7857
7334
2181
3176
1626
5950
6641
4408
7457
9076
4807
3675
3112
5267
2693
9178
1009
1485
5163
7565
6103
4047
390
3192
5539
8083
9198
5852
4433
5636
8517
4504
2901
673
6536
7813
9294
2336
8385
8642
489
2647
516
9249
6450
3812
358
6292
1622
8577
2063
9167
6446
3209
1184
2086
5961
9373
1760
2931
2742
4864
698
5204
7760
2706
4832
4858
8218
6407
5832
5497
8477
8731
9365
1678
67
5964
3450
7034
7468
5751
9026
7141
3764
322
6411
5912
9289
6299
111
4950
1569
229
2486
5899
4017
4693
1993
5061
8130
5331
5962
6419
9353
3216
3926
4870
1739
4868
6993
7430
4422
956
1993
5139
2476
9534
5358
6919
1950
3768
8921
8319
5261
2585
3188
7389
9199
2510
6274
1861
2707
7825
9140
7859
6268
3134
904
1066
7855
2809
6697
2276
3879
7903
7633
7025
3247
4495
9404
2194
2494
9017
2848
8466
3182
2678
9170
1975
8574
33
3457
2582
4840
3031
4105
8399
375
4706
2403
5150
4568
2186
7641
3200
3491
7983
5239
6908
6392
2163
3327
6846
5616
8475
4970
868
5457
6765
6726
224
4735
2287
4941
1539
6807
8602
3714
7685
3313
3598
2462
1383
8001
7624
8594
4303
904
8598
8413
7878
1229
6260
1551
5829
8948
4563
6426
1329
4748
8315
8706
1729
8860
4122
8635
2615
281
5389
5928
2794
7756
7764
3997
7379
5130
8246
6115
6531
4402
7781
4380
2187
5514
4577
5079
6989
5090
6194
2457
5427
4085
2404
130
4635
2968
8371
8952
8246
9408
6309
3159
4673
8074
1090
3804
3101
4738
7971
4133
5463
7240
7052
2833
3983
5106
3075
9185
9095
7104
7182
2254
5427
750
7295
605
1628
8757
7756
279
2445
7536
4392
4001
4639
1828
7942
3655
2689
8966
4612
3376
2966
4361
4503
969
1303
5827
446
2238
4392
2655
2160
2942
5438
1818
1832
1688
4042
2482
8176
6648
1152
208
1840
5332
5098
6078
2377
9065
6694
9187
9132
539
3146
6459
2598
1
4580
6582
7214
6064
1058
7734
4146
9383
6157
7254
9199
8936
1295
3002
8080
8950
6312
6317
106
5700
4565
3027
3259
1474
5047
4102
2358
5161
1953
5805
3429
7818
4284
2913
4726
2506
5755
7458
4652
9006
7478
9459
1296
131
7826
3062
7997
4945
3482
7963
4616
1498
5987
271
2781
1832
1210
5957
7691
6210
1326
8246
5862
5254
6754
5953
7850
7010
6829
1598
3439
4534
7684
756
1336
7993
6611
5602
2180
5763
4121
6033
2408
6341
6306
8820
4446
3259
454
9283
8309
8233
9384
7871
9357
7029
2989
293
4906
8887
6698
3819
9241
3208
7060
4431
8990
3414
7254
2067
2321
680
7895
3619
8958
2644
5997
960
8274
9479
82
1155
4220
6076
4591
5186
737
2641
976
4041
8700
4590
3676
4211
1007
8050
7357
9036
8205
6112
4593
1528
8397
6392
3831
5604
7219
7131
3464
1804
1365
6468
2820
5297
5007
140
7978
2067
3336
1095
2246
6513
8439
1749
5593
4992
2391
5386
6959
2312
1169
1492
3598
2512
7709
7733
4833
7026
5588
5746
1599
3928
1126
1267
593
3736
7198
5999
5912
8605
9275
1774
2806
1711
9290
2616
2044
4713
3798
6912
6147
9471
8755
4856
946
5089
8619
5274
5747
1321
6418
3045
8341
7656
7187
6218
2883
7505
6422
3777
2941
1551
9369
1405
7389
7899
8154
7995
9080
5525
5978
5482
4639
6856
8943
7079
6126
703
3812
2132
5972
2859
6768
3792
2404
5258
5118
4366
9265
7870
8772
917
7264
5033
872
4746
983
4361
7925
6860
8134
9547
4563
3554
227
24
7862
5985
4946
1655
2570
9508
3803
2769
9031
2584
7361
5777
1486
4514
3610
7348
4549
6444
2031
680
5918
1001
6448
8689
2419
4648
9097
4287
1416
6938
692
9154
8839
2510
663
9466
1560
3247
5424
1928
6084
8895
8779
4270
7787
8714
7184
6559
8376
6936
4116
8495
3648
4017
7462
684
1528
1439
5369
7056
3539
2661
6722
7034
7387
1651
5806
7401
2500
4813
8995
8537
7177
6146
7579
1946
1513
3850
509
2772
6051
5955
5941
2030
6220
5451
551
6822
4046
7938
2406
9464
324
5330
1153
3436
7624
3757
6771
4297
539
7446
4242
7831
2496
2375
4662
6369
4254
9364
7209
8953
2973
4070
2556
8098
1944
3120
6656
5449
3085
5570
8896
4001
69
4165
5680
2486
6353
8527
3685
6993
6545
2655
3618
5305
1183
9267
3382
5006
6831
3761
8648
6037
4032
1047
4043
4259
5489
9253
8712
860
3228
8172
9129
9006
8692
2221
5875
2515
8135
8665
4571
2001
5931
4626
3371
2259
3376
8254
781
4589
9223
4200
5967
4325
6289
3763
318
6856
2862
4174
1980
5446
8838
1756
7930
7640
9201
4461
1493
4245
2518
8167
5874
3196
7968
8134
9367
3974
3310
3286
2862
7944
3452
9173
1524
6878
6347
1745
7070
6637
7874
264
2783
4958
8042
7049
5911
8400
6359
2287
821
5697
7700
4269
4266
5428
9137
5072
3191
9181
2506
1522
918
7307
7191
2732
2995
8117
817
7653
1357
3600
6247
7206
2541
1224
8834
6265
5400
8918
53
8686
1097
7759
406
1660
7198
6432
5784
210
8135
3825
8024
1543
2911
3813
8962
7592
496
2227
1913
8989
8913
3590
2550
3654
3325
7489
5302
5390
6001
1928
8841
7666
7868
5551
1981
3502
7598
3931
7173
2153
5680
5108
1615
3541
8044
4421
8900
6089
6257
8446
6881
2574
8839
7251
7308
9123
218
7587
2995
2108
1956
8653
8247
4513
805
2193
4101
7776
3000
2781
5304
5605
8983
2763
4305
1206
9086
7575
7636
4624
7293
703
4934
6981
6549
5034
4301
178
8756
7620
6826
4279
9384
1261
6691
3946
8256
5818
4366
3006
9146
5825
5738
5604
1725
7303
560
3254
3554
6534
1166
6155
5205
875
1184
5825
6697
7957
8658
3439
6150
2654
5465
1362
1537
2036
1218
5834
1473
861
7345
8710
4019
930
3662
2171
5768
4073
4984
105
6681
8563
356
6463
8192
4456
4710
6026
2056
9180
9221
9393
38
9239
5932
615
1097
5412
3338
7742
5583
1505
5323
3328
8546
4308
8140
4714
5965
4417
7401
6560
8242
8255
5863
4159
7287
3667
2953
6095
8395
5709
4285
9238
7191
3230
8379
5360
1971
4082
5775
7951
2638
6332
1878
6318
1914
8874
7003
1485
8330
1961
4846
4708
2272
1384
8039
837
1384
2735
9318
6581
4900
8490
9521
6796
2750
4894
7062
655
8278
8124
719
2350
2157
2563
6477
6756
692
8223
1895
2402
175
5520
3618
5600
4920
1218
7099
5459
5723
9122
2003
8357
2539
915
3963
2742
2011
5258
3494
1499
806
3890
6733
9030
3693
1641
724
3498
3574
5789
2383
3229
1716
8052
4755
3928
3990
1536
416
2221
796
4176
8761
8745
8348
5872
1842
188
2764
4286
7537
7316
8091
1349
8347
1028
9401
5797
687
8610
4282
5924
261
4396
5330
706
7274
5026
8517
3398
4219
7465
5932
9423
1023
2631
7278
8922
2394
4324
3612
6975
7095
7201
4783
6657
7176
3437
894
738
497
1790
7844
4222
7324
6517
7261
4545
5797
671
7022
1918
5272
4658
3783
6222
4936
9261
2391
5611
1995
2274
3200
7424
5733
1197
3183
5082
3865
9409
2554
8754
5101
2586
3532
6362
1117
4358
6509
7990
4432
3691
4135
3953
1139
1911
1231
1755
6823
4256
1241
7011
1645
574
2080
408
8411
1148
3741
6692
7698
722
8520
5077
1483
6432
713
7265
3397
1445
8016
4204
251
4234
1303
3257
8924
3719
9271
2806
7819
7516
684
3231
2251
6621
3462
6143
151
541
1182
3998
7739
3855
3317
1332
4031
3722
8675
4820
8627
5392
1350
2564
5191
2440
5169
2869
796
568
6434
6076
5638
2824
2952
4398
6746
5831
6270
5912
3896
140
21
9201
8861
3993
3368
546
5248
4199
8700
8464
5427
4244
280
7081
5067
1226
6263
1083
9433
4732
3670
3760
2615
4792
1837
4111
3234
6078
4900
5063
7259
3921
841
5600
9204
5211
7766
8407
1911
6038
1188
7482
6275
6863
6048
2574
1550
6474
2111
2910
5352
3926
6271
7144
5901
7964
7959
3442
4310
2533
8783
5795
926
4329
3817
5607
2401
7687
7983
8682
1034
3398
8612
5226
7253
4747
9336
3143
5681
2566
3399
3603
168
590
4384
6724
9019
1956
9251
248
7825
2349
4960
6863
9327
5009
4487
3259
4215
1104
5408
6907
3180
5501
264
7868
6799
6234
1005
5977
4166
5644
8635
8356
1571
5268
5662
5602
8195
6632
3477
4680
4569
6822
2222
7983
9449
7289
6820
7789
607
6290
8670
5238
8317
5722
7991
3775
1050
9534
4934
1976
9336
5241
8475
3942
4805
6212
459
1014
5365
5653
8691
3979
5438
8675
4027
6853
871
5685
1335
7057
3314
2738
1261
7269
4428
9332
2093
5614
1059
3341
5300
3639
7664
2633
5789
7615
8076
9110
8766
8407
4435
4778
7796
662
8494
4435
5075
8602
5423
487
716
7647
2460
8279
4694
1738
8729
2617
9368
6779
2037
4166
8052
9054
6379
9031
8377
4204
3075
507
9324
6925
6379
3121
8399
7853
7047
5604
6417
2368
5525
1786
3140
3200
4635
919
4799
3019
366
3387
1790
4273
2405
5802
815
6854
8811
7258
8443
1531
8603
5701
2752
888
7492
3620
5259
830
2104
5083
6354
1464
4788
3451
8171
9456
2816
5999
3406
9546
2269
7399
3117
8199
7781
1853
1001
9003
6372
7819
4607
6512
7801
4334
1295
4715
4116
1119
3814
9194
2857
6815
1591
7771
125
117
8105
5292
7543
8209
1019
4128
2993
722
3868
4404
5321
3207
8680
4510
2860
605
4373
2675
8947
5260
6591
7002
2148
7061
4313
6345
4315
1333
6353
5642
8574
5665
2774
856
579
4252
9367
2854
6905
9427
5992
5654
1546
5898
8774
4584
4106
8084
3907
8352
6590
1664
5550
2303
4173
1209
6765
2572
8423
3095
7011
2871
4655
5550
548
5517
8743
3160
8750
4476
9144
5513
3269
8245
1439
5172
869
2891
6989
6833
771
7807
982
4775
3479
4014
5291
3808
1239
3164
5975
3789
1242
4582
4838
6424
3066
5287
8184
3181
517
3323
481
7731
2719
3038
3292
4538
7768
2760
3386
8740
9043
7712
4414
8235
715
7321
8160
8941
4117
2359
6478
542
3595
2932
8007
4241
9407
9494
970
9340
3099
7833
6269
4065
2972
5593
1511
8362
954
2632
8153
6203
5680
772
2146
1414
4738
7628
31
1288
4018
8123
672
5019
5874
2355
6945
1760
7674
2019
4583
1586
5693
7833
8125
3841
6953
9455
217
3310
2700
781
623
3517
6139
4649
5998
8525
4903
222
8918
256
8109
4119
8744
8749
8507
1877
4809
7975
4458
5547
6304
4545
7042
465
8233
8139
4761
2697
9489
939
7619
5509
2038
9082
5966
7334
2358
7848
8978
805
5604
1291
8895
9099
676
4134
580
6077
7710
5005
9150
3347
2371
2065
1808
878
4176
3311
8504
9403
1467
295
3974
5794
1165
2932
1757
4517
2040
7618
514
2802
3181
6194
7720
3765
2324
6278
3715
4610
2686
8504
1243
6510
6436
4386
8104
6909
291
9002
1411
693
5943
5463
9491
4352
5999
1311
9390
1797
5770
4557
7189
9485
3315
4941
5677
3030
2492
76
2176
9022
5907
3750
5536
9315
7869
7747
2143
2457
2283
748
2754
7662
6536
3756
2348
5836
7227
1551
2660
3102
944
1824
6492
9456
8212
3310
1915
7152
4511
6407
7686
5169
532
8725
78
3001
6818
8363
3343
5209
4523
4288
7115
3549
6529
7263
6149
1995
7226
4578
8320
2594
5155
3836
2965
881
5286
8369
8429
5209
651
856
4334
1837
9365
6419
4323
6711
2854
8950
3246
8976
5637
6660
2820
2521
9003
3011
8185
2671
4407
3567
3158
4820
7899
7291
1084
7623
1628
7562
4926
4072
8209
7732
61
6690
4719
8062
2606
6534
3779
3390
8367
3941
7411
2071
1967
1861
992
2571
3665
4216
846
6750
7387
1263
1391
6072
7950
6530
1422
2180
7537
5992
5911
4800
3281
5168
4927
1035
4616
4029
7521
8355
5556
2243
3748
3434
4259
1128
8824
1874
7905
3709
2900
2430
6401
6004
3099
4494
1040
1917
2098
2294
9049
7680
818
5324
2677
3571
8081
8136
4025
3062
8545
7094
4197
5014
835
451
2985
8954
7078
8464
6558
2980
2763
2239
6548
7120
2325
7274
7420
4302
5587
5827
9348
7983
9402
5911
5854
2791
8518
3862
655
7254
580
8607
6692
4960
3828
4196
6308
3531
5817
7500
4723
1771
8389
611
8945
4054
7638
8226
5061
5925
7139
1209
7494
834
5624
8431
6610
8467
3694
563
5054
3799
5046
5255
3542
8445
7161
3215
4475
7756
7815
185
4784
7413
1346
6768
4124
6062
1715
8339
9422
3899
6643
6601
2734
3591
3411
1558
2595
6097
1765
6176
7089
5700
5296
7303
3249
8982
6573
7533
3729
1888
5595
4505
6128
3765
3879
6081
4680
2287
7768
6969
5487
3173
3590
7312
8502
8380
2925
1760
270
6480
6009
6148
4520
6913
8123
1173
9375
2785
1511
4897
5971
7186
1864
2364
5453
6429
7439
1308
2276
2691
7822
8218
7768
8002
6079
8393
3397
7588
4668
6973
8249
4588
7847
7079
8332
9332
8665
1116
7702
4480
6314
471
6816
2731
1591
5343
4871
3881
4348
8467
8670
9117
8009
838
2456
9111
2812
8235
1871
4418
8431
8454
9435
7162
3285
1369
828
5958
3558
6627
9382
2363
9232
5023
6062
2882
1365
8730
6718
2998
1411
7981
7184
7387
667
1540
3983
7756
7215
2457
7459
5670
6253
6589
756
3690
8373
5680
8089
25
926
5677
716
2135
9001
6960
3662
4764
5108
537
3014
6315
4931
1348
7018
8796
8457
9462
5397
4658
2448
8309
7854
7164
7574
7318
3560
1153
8512
9450
8388
237
7184
628
3748
3491
2948
6016
6241
6124
1321
458
7275
7110
8802
6232
8241
2112
6249
2705
1338
3566
7530
9265
1311
6006
5893
8896
3261
8018
9496
764
3372
7042
5893
3513
4011
4241
597
7414
8466
5744
8500
8131
6219
7273
6275
8732
4800
2915
3163
1431
589
6510
6900
5642
4824
8400
299
6214
8213
8515
337
3833
1863
7141
3395
4999
632
1556
5486
3668
1465
5737
5707
6789
5932
5551
2971
4406
8989
6810
9544
7912
7789
3763
8041
3980
8003
8405
9249
2272
4805
3119
6662
2737
9488
6394
6289
5728
7409
1341
8086
7672
385
5787
3858
1721
3302
8567
3944
5260
5971
8833
5046
3737
6335
4004
4917
216
3771
7201
7184
6569
4585
6030
8907
9475
7738
1637
8065
8494
6947
9241
2985
674
71
8233
756
7944
3245
3617
403
8293
8115
8713
7367
1574
8765
5670
2881
3391
9366
8411
8670
5718
3911
8374
2368
2546
1663
2863
3864
8551
7480
4095
1422
2255
9065
8203
8025
3992
8611
6091
5792
5231
8423
9059
1901
7232
4082
2283
8561
4044
1917
8091
8505
1418
2557
9046
7638
7683
4931
9284
5403
2908
2024
2171
4553
5213
7762
2274
893
6159
8728
9328
5192
8175
430
3146
8330
4208
2370
7002
5665
8972
8494
7797
8338
1162
4965
6967
7857
8638
8620
4016
7834
3384
8152
8865
346
3345
7924
8656
7645
5243
9174
8128
7419
9342
3213
8779
5736
8346
4808
5705
5940
7449
7877
5015
3860
5651
4954
3838
7482
8571
8808
6138
1351
8000
8272
1313
8015
4411
6561
1109
2843
5490
8476
2497
9278
8750
3002
7979
2795
703
2610
5626
3737
4731
8493
563
7550
4129
2960
9302
5874
8991
2966
3621
3188
7793
8624
8140
976
5513
4359
4218
8528
8570
2121
2846
4353
1300
6446
7416
5523
6720
1281
7108
3304
7108
7262
7196
5625
2118
7379
3641
4721
2870
3198
1899
7277
6032
7547
3087
7262
3571
3825
4554
3093
3349
8364
286
5219
2751
1673
1172
6476
3154
6042
2588
3771
3266
6699
4891
570
2814
5338
414
6604
7246
2045
6796
7787
8804
605
8547
5917
1149
4845
7083
2421
1727
3433
8293
1594
3906
572
5019
2697
5300
7786
8380
3495
3817
9491
5082
3993
6506
4215
4311
2365
5445
2207
305
3091
3339
1775
1969
7583
4201
5823
2183
5297
8137
3153
1488
1082
1138
8095
5681
7926
2996
7874
2282
7000
8214
4849
4027
6338
8896
1616
1703
7002
7720
4321
943
971
2366
4412
6454
4084
1840
2974
4145
2355
8559
4134
3307
8157
3780
8944
2153
5347
8080
8016
5007
7119
7279
9380
8511
8217
6576
3577
658
4390
6132
3945
3038
7487
2400
2595
5438
3258
2165
8781
564
451
2714
1129
1947
2158
1899
7621
2362
1113
7828
2961
9523
9028
9395
3780
5280
5058
4826
3757
6219
8157
6943
3218
4996
4477
934
944
2998
3654
7365
9305
3235
5510
2485
7600
3815
9452
8493
2098
2324
2757
6597
1188
4545
9374
3679
5996
6331
8392
3755
3989
60
2245
6684
4018
5952
5819
7277
5890
1206
1061
609
4548
6552
4721
2180
8385
7368
117
6615
626
7540
4867
7536
3638
5996
2935
7214
2085
6752
6609
1846
2357
7508
6595
8627
5694
6987
2728
147
2049
987
5692
8115
2718
2348
2784
7563
3199
6931
8670
8092
6807
974
1949
3309
9129
8493
3583
47
3694
7226
8853
7716
2870
6773
1375
9108
53
6544
4811
7540
3417
9570
6380
6074
8344
2876
5104
4034
2434
3738
7859
4986
8663
5077
1681
7212
4660
9156
4223
363
8765
5371
209
2697
8219
3409
7942
425
5245
8217
1260
8435
1532
1737
907
5346
6825
8119
6873
7741
2185
7927
5996
4109
2492
778
8808
8848
436
7279
8529
3782
7597
1931
2180
8184
4413
7920
8151
6097
7233
7807
9428
7226
7901
8666
4118
6766
3248
2077
8377
6493
4577
4732
2694
8430
7754
3405
36
8583
5515
1171
7517
7857
3184
2818
5834
5607
5137
7662
6699
7412
5961
1724
7269
4028
7841
4898
6021
3993
5575
3702
5384
132
3373
4560
3588
8251
6711
442
5890
7009
2760
4782
989
2173
2861
4515
9212
2579
9023
6264
7296
289
2256
8886
2015
1279
2703
609
8354
4834
8742
5819
7223
535
3724
8397
4064
2656
5750
9373
8955
8674
489
2496
6215
8436
6981
7924
4041
3373
1256
6073
929
4197
4325
8959
7304
7202
6778
4830
5188
2551
5581
6917
85
2543
8628
9160
6939
653
9152
5985
5366
7687
8878
1680
609
2023
2893
1416
5798
8658
3693
3886
5315
7716
6776
4551
3629
1753
3053
4504
8084
7400
3469
9379
95
4536
3554
4951
1380
4310
2828
2635
3216
7786
8923
2939
4730
9004
8415
642
122
7719
82
3929
7006
6414
618
8942
5783
7660
3720
8648
1134
1663
4177
9325
3581
9437
3859
9036
4860
5370
9244
3538
5088
6125
4850
6572
5769
5528
2827
2361
1814
8450
2518
8344
3942
9316
7146
3023
1963
7677
6933
7497
8910
9261
8899
6309
5148
4403
7168
6707
5088
3833
2367
1245
4143
4598
4632
6590
3917
5371
766
1845
7755
7061
4094
5272
3143
680
1198
2530
2511
4975
450
6622
6653
7397
8953
5339
5161
6424
5659
6269
9103
8337
3224
9220
9210
7755
8192
6317
9382
5777
8602
8365
3593
444
4055
4076
2665
1475
1890
9450
263
3780
4635
8441
8567
8134
4289
6177
9093
3250
1206
5246
8523
6776
7540
4648
3448
8656
8168
2684
1914
1910
7467
8280
3236
6370
4264
3868
8942
8736
1873
4346
1621
2722
3504
6847
2235
9185
384
3937
7255
8279
6530
4792
2138
1397
4464
3412
8061
1692
2132
1843
5121
9526
7072
3308
1084
7853
7758
742
668
3875
5754
2713
3082
3142
6773
741
7029
8812
5893
141
1065
9226
9246
8020
5740
3735
4527
7962
6495
3635
2346
6679
2756
5889
6757
2768
8917
3675
1369
6823
914
3903
660
2114
4705
5473
8783
3358
6181
3416
1425
4303
2393
8010
4993
4134
6489
3417
7064
7085
3509
7772
3672
6720
3529
1767
9198
1711
1916
7199
4476
1423
5570
5288
4921
2825
2927
4291
3521
1180
5582
8979
2812
1643
392
6866
396
2960
4119
1463
7264
7544
178
241
4997
2543
9370
7067
7114
2422
7683
5098
4025
5995
7001
2296
2882
6282
5978
1847
4647
8586
4480
6683
7233
5966
9260
4003
2632
6506
5490
9478
6577
1969
8933
5608
4502
5116
7033
4104
6929
3417
4426
1244
5978
6603
5792
3909
3811
2117
2699
3518
968
950
3298
1242
8478
4681
8752
9134
4893
6029
1318
3205
6790
9040
2229
896
8383
8581
6412
7645
2694
6758
4091
9193
6246
3698
6022
6752
9314
2597
3903
3740
9368
3830
1345
6758
8363
7658
2553
6021
4347
593
3777
5514
4548
7984
4034
6666
9222
4519
5161
6319
6289
4414
6046
5947
3639
3327
4378
2748
9445
2798
6293
7460
7692
7753
7634
9142
3243
1168
6600
2286
6328
6609
2863
5659
7261
3161
7942
1830
5855
3301
2018
4026
3274
7865
6351
8554
2050
9203
1388
4603
4037
4566
4074
5353
8117
4678
2884
5745
261
3788
8855
1493
8748
2139
1581
1625
920
2453
4651
8762
2356
216
4687
3654
9246
5467
4096
7904
5961
2430
5358
1573
6462
8826
548
5906
4645
3295
4490
7359
6646
4349
8026
4201
1720
7011
8556
8728
7165
1154
6098
736
9543
7074
2662
7200
8808
8694
4728
2464
8100
722
5443
5132
8756
4201
1846
9274
4289
8793
4962
2252
8808
2834
8990
1707
4539
7061
160
2391
3070
5526
3365
3098
6616
7894
6116
7492
6039
728
7843
2774
4046
5349
6309
6340
2761
2772
8741
3513
7913
8043
9393
6812
3695
8299
8527
5362
4536
6814
4068
4534
2760
9465
1630
9087
2514
5426
1869
1409
3469
6956
8237
5010
9127
3694
6780
7829
4009
2495
7255
6640
6099
5572
7876
7171
5493
2108
2179
9039
8237
6891
3599
6494
4545
4453
2711
2825
9042
8440
2483
3510
5294
5667
6798
6786
8216
9241
6461
2282
8315
3125
7723
6323
5049
5746
4741
1779
2999
1104
5440
6993
6376
6225
3186
8181
1513
4036
6203
6663
9239
3758
6310
4469
6096
8536
3929
8117
6168
4829
5007
1824
5555
377
9080
1233
7346
4367
2108
1779
7771
4526
6481
6500
6366
730
1798
4619
251
1132
1256
5187
1896
6546
7490
3538
3971
5570
4511
184
2167
2163
1599
5965
7618
3
279
6115
3904
7662
238
4730
7717
6158
9328
5860
3270
8430
9296
4613
8069
8652
8673
1840
8954
7821
916
9479
2563
3860
2799
2772
2129
8585
1196
5270
2683
788
9038
4684
6988
1332
1319
4812
4764
8532
8033
4358
5643
3544
8092
9549
4459
6608
571
3707
5408
6700
8430
4794
3374
5127
5023
8071
2272
6965
9353
7728
9357
5525
7798
4489
6108
5787
5611
2557
3487
5396
9060
4870
801
8090
3633
3897
7345
6800
4438
6500
570
874
5814
2995
4934
7364
3302
4422
4364
5478
8616
6969
3797
848
6784
1192
2369
5320
167
7538
4252
1305
430
1665
417
9434
9361
3486
1593
5074
529
2057
6104
3276
2485
213
6100
9080
8749
2022
1624
8852
7952
339
9070
4525
5918
6087
1143
5538
2719
819
2471
4299
7204
5052
6172
2307
8252
5315
6390
2131
9253
8980
2665
6092
3655
4186
2268
7524
4872
3883
5505
2237
1562
1746
3359
7003
2077
4422
6228
3622
9132
7745
5656
5262
6398
3035
7863
5735
4935
4372
1223
210
6020
2639
1603
9215
9063
5957
2946
2497
3611
2596
7565
6177
5925
2436
1784
237
1081
6792
8493
2382
4856
8466
2828
360
3981
4962
5258
4942
1958
7287
8853
1283
3208
8610
4386
2123
2008
4802
7470
7558
7941
1192
3208
9133
675
6022
2910
6222
5810
9375
4328
2563
5007
5215
7654
6969
3855
4135
9217
5174
5343
2714
5384
9210
9392
1305
1962
8455
9407
1251
8930
370
1805
166
4865
412
5321
6755
7660
4920
8013
8903
1731
2956
1937
9356
7077
6998
526
295
6553
5570
4930
4908
4320
6411
2985
3180
8829
1094
3391
5161
5927
7032
2935
4955
7042
3211
8593
2307
8096
1380
2042
1056
479
6159
6820
6975
934
1532
9322
177
2161
3979
1591
6978
5301
8062
4713
3532
7744
434
382
7609
6228
2440
2079
7761
3794
2620
8438
5850
1878
8311
6521
7569
6084
8751
1179
9462
8223
2020
3983
9108
5694
8202
1231
8563
2651
7433
6315
3872
5661
8462
1548
6747
5131
2555
5794
6077
534
4132
7386
6461
7035
6645
5029
5653
6863
3926
1513
5235
7949
1517
4526
6542
3117
6206
7133
835
3488
3140
7329
3066
5605
8354
7238
1267
9143
3259
3077
3331
1034
6002
1530
6728
1491
2216
9509
4310
1635
2141
3362
6416
5111
1368
5955
4472
9063
5216
7136
5418
6793
8131
317
3811
7387
3523
696
5130
1914
293
6885
7050
5883
6860
2872
8659
5919
8570
102
8730
4026
6227
1628
7071
6524
1191
5136
2160
5731
9228
8963
6826
3640
9508
7929
4991
4976
4718
3145
4031
6972
5674
1147
7872
573
3980
7540
3466
733
3035
3020
6381
303
5013
5661
2644
3117
8449
8461
9507
5219
6441
3291
8706
6506
4458
3164
1345
1489
2040
5322
6486
8971
1236
8550
4548
7733
4668
7809
2052
1574
1806
2155
9334
1369
2451
842
230
3427
2760
6022
1476
3324
220
4271
3263
4414
9002
3806
6522
1565
6681
8927
7807
3686
5573
3318
3308
6420
9279
8772
7049
8953
5038
6446
1510
1060
3696
8257
7872
4272
3288
5894
3698
1681
1135
2034
967
2944
3492
8786
3683
2878
9355
3458
5753
665
1893
7228
2307
1577
6405
9412
6676
8491
1855
8115
6498
4873
3060
7023
8208
5289
395
5414
3887
9126
1915
7243
1605
2518
7677
9123
1705
4332
101
7020
8809
8282
2679
9458
2338
2688
4950
3457
7827
8495
9383
3272
2190
1750
4743
767
5848
8298
7707
2018
6096
9441
7379
8125
8363
2093
5407
3636
2036
7711
754
2256
6625
2872
2766
2449
7107
6207
5001
2081
3911
8512
8173
9526
1711
6819
7625
5382
1651
6113
2500
4839
1723
2946
8167
5760
4039
3916
9126
8375
6482
4810
8677
7894
5188
7447
2251
8987
9570
1651
1773
6771
5987
8624
7607
4541
6842
6433
4305
4266
2468
9260
9405
8334
7688
3056
7441
3572
8015
2404
484
7344
1900
5066
7516
3014
734
2166
8423
2945
8490
8915
5370
9182
4323
2622
7075
4704
8500
2604
7811
4964
7290
3351
2571
6962
7342
6741
8179
6726
3903
5388
2801
1255
1397
7427
2931
3994
7369
1270
2159
4317
7488
2746
9394
7060
1997
4963
9082
1509
5946
4911
6821
5313
2660
9363
1451
580
4377
5879
1168
1211
3760
8527
7852
4354
6258
8897
7883
2737
4235
7604
1146
2082
3010
2
5424
8441
4600
7485
3567
410
4463
120
6656
9114
8507
5997
4945
1272
9130
7145
5048
6598
2243
1359
3213
5243
2015
7575
5426
6300
7209
7347
8351
6102
7527
8789
3564
2282
9040
385
7023
5538
3776
8733
2880
5036
882
438
7626
1211
7671
8728
9041
4833
2936
8777
5489
2001
3218
2543
4371
8145
5765
4478
9219
6630
5766
847
3859
9255
7928
8114
1806
4688
2006
6608
5128
2933
6920
3588
6971
2868
4826
4695
990
1857
7260
2362
4941
7537
8366
3089
4414
4566
6386
6013
8259
424
329
7852
2839
1729
2953
7592
3386
5676
6581
6444
6746
9431
8220
8738
5517
7332
3161
5316
5217
2219
4891
9523
3868
1355
3562
4878
1772
2444
9299
2693
9196
8491
5880
4901
4769
7587
8551
7090
8828
2476
7092
4951
8986
9348
3286
9273
3603
7293
5171
6871
3638
8434
5122
8049
8077
281
6703
8782
7496
2561
9203
9038
4299
1513
2980
9379
3274
45
8472
9198
6201
8652
6637
4576
3590
9385
8241
4261
9086
6404
7569
6260
2184
4136
8350
7261
9208
3054
7072
2818
9140
2294
1094
5176
1561
5811
7692
6304
9024
4581
5996
4479
6825
2174
4614
6018
3702
8769
2008
8917
6116
1692
7133
4378
9290
5408
2339
8207
786
5391
2737
7884
6154
6182
8080
1591
6238
1298
8797
5083
1333
9008
5344
679
1575
8642
5812
8500
5370
1512
8547
9019
6474
4694
8077
7093
3158
5909
4406
9
5889
5094
2670
7521
1582
2743
8380
9381
354
8845
8454
8831
2867
9345
1535
1988
2219
3577
6884
6147
3466
3605
6146
6655
6453
5551
5623
6055
6187
5282
380
4270
3459
6830
7130
8161
2936
4353
8760
2910
4721
8131
213
497
4673
5586
6785
2256
1167
6872
7898
1051
4340
2213
6996
5942
8764
8979
7267
553
417
279
7779
1542
3003
4685
1902
2161
3896
7677
6821
988
4422
3741
3724
8622
8960
3220
8199
4667
5117
7549
4956
4701
1234
2595
4655
6948
8053
8319
236
4639
1981
6416
2870
2493
2712
7919
1580
6460
7560
9238
9013
6137
5125
3826
4237
8208
7879
7044
529
5189
3635
4018
7615
7400
6155
477
2415
2101
6348
406
5480
799
7803
5084
8091
735
7800
8087
8778
8740
7636
2120
6120
6140
4493
5383
4209
6306
6122
1978
131
3208
2407
8893
5344
6244
3691
1340
3674
6984
2372
1921
8727
8829
2934
3411
8654
6621
5841
7449
8970
3822
5167
2129
9022
5537
2358
1491
8709
445
1633
5632
7742
9466
3270
2157
7965
4632
5564
704
7817
6667
6074
6894
76
3621
3171
6897
1625
6297
9075
1134
4269
9276
1057
7805
3912
2543
1112
2710
3099
4813
7316
7336
1293
1128
8487
1974
7296
9117
2165
9340
3071
3223
2663
3498
5989
2876
5019
1385
5654
6757
7084
4219
8261
1431
5451
8998
54
8563
2793
4981
3101
40
6249
8667
4752
7205
9425
4877
7990
8567
6575
4904
7161
1611
4031
97
8446
8117
8569
3388
6865
2149
1907
5841
4171
1288
1124
9341
5144
7214
9243
980
5530
3965
7110
8744
7529
2463
1580
7654
1436
8271
3197
4050
694
764
580
1331
29
7170
1847
6017
1443
3090
4208
2742
7006
6846
7707
8381
6557
1898
7449
6221
3390
8576
7768
5775
3750
3056
4183
9425
5012
5371
6582
6718
8787
3506
3581
4725
1684
7054
2815
7273
4650
8824
5420
2049
4383
3225
4229
9060
8842
1368
6746
8178
9325
1856
1562
6599
1280
3503
1635
6575
6290
3352
7614
6589
3790
5372
9370
4194
4305
8295
9064
4124
4043
6890
1810
7181
9198
479
6521
3623
8412
4137
4845
6828
2570
623
4475
471
4426
5387
2844
9147
9012
340
9263
7176
3232
1697
5525
6440
4060
8713
5204
8935
5490
2751
794
5741
7242
2176
7629
240
4681
1568
6763
8061
5437
344
5410
2525
2337
7066
6472
4886
8285
6122
5665
5150
7835
707
8318
816
5746
4036
5485
6746
4585
6820
1124
1361
2820
8392
3381
5021
1470
493
3377
2911
7663
1938
6359
2416
3165
4676
4335
8042
9305
5164
7918
272
7378
5910
6545
2824
2993
8454
6817
578
6687
7183
512
9032
9466
3217
7303
7018
7308
7399
7688
331
7045
1932
3160
4535
7895
9579
2895
3767
9501
2006
2664
8572
4121
4868
2178
8332
1603
3660
1188
2318
7718
2526
9114
103
1896
1061
8416
7300
803
3942
4091
4373
4585
3425
8660
7023
5
2581
3003
4774
5240
6579
9273
8069
6240
9375
6467
1360
7288
9335
4714
1559
7722
323
7956
5141
3896
7051
6766
4191
525
2957
6626
5290
4178
5558
2003
1370
7311
8788
2850
1716
2848
7384
4017
8439
1354
8514
2651
7608
3072
6494
1181
5989
5859
928
3872
7596
6777
4472
4832
6169
1298
6525
1460
3541
7815
3984
8571
8728
3491
3300
5709
1915
1228
2370
2608
6165
5192
6777
7128
9021
4121
4968
8520
2468
2108
8659
3817
7132
5211
6310
524
1875
8122
2069
6587
316
2073
3943
5435
6956
5204
6917
6591
7836
2120
4171
783
4674
5156
871
5614
1496
6705
5246
7743
8289
5390
1485
3326
3215
2320
5472
6129
2185
6453
4352
5515
5663
9037
467
8831
1202
6919
3490
6128
811
5556
474
2875
6657
1913
6446
5549
4252
4056
251
280
3747
7497
2159
9164
4892
7464
3825
3212
3489
6036
2183
3319
1578
4173
676
539
9009
1016
1423
4488
8623
1590
8681
5422
6837
2282
5529
5606
7251
2618
9067
421
1270
8520
3042
4134
8719
3390
1924
7280
7189
5599
1389
823
6997
5049
805
6208
7619
8967
7533
3766
7806
4632
1458
6255
7698
9370
5148
5095
6323
1757
8404
4493
6494
9149
9179
2431
6262
6909
3246
1449
6414
3495
2303
387
50
7496
7923
7422
8489
3172
5803
3944
3904
5764
5118
1506
1227
7298
5721
7133
1424
8647
88
8260
4556
468
7483
4156
9489
6592
7129
7934
534
4664
2461
8387
9171
811
4674
5858
9542
6815
6803
9328
7900
7692
6093
8514
5218
5649
5570
7526
1949
1772
2152
8040
261
842
5710
4525
4179
2658
4052
1705
1307
7630
460
1231
6711
4923
3120
1076
6482
8625
2576
2963
5489
9309
7407
4976
9188
8310
5885
2157
2757
2595
8196
3563
9446
59
3266
7040
7398
3784
2540
261
1529
571
4206
5868
3608
6635
7620
6786
4349
8220
6112
7179
2503
4596
4544
3238
2320
469
7778
3067
8894
429
7695
1671
7487
9059
332
9200
6149
6340
9036
6361
5514
1377
8868
1115
5486
9444
6307
3253
8130
1440
9184
3945
6042
5935
7622
3251
7966
6573
3339
8215
8604
1990
5502
1194
4274
603
5527
6437
6831
4731
6116
212
3738
4798
8644
501
3027
8319
6598
2373
1414
4863
8285
10
820
2250
1724
6856
1705
7315
8330
1750
5184
2634
4863
8172
4429
911
8908
6388
4416
3464
8780
1630
3015
333
7777
6965
6747
455
4903
7629
5517
7461
5834
5101
1474
5476
2022
8124
9419
5381
7100
5154
2479
6677
4843
5432
9076
1590
2518
894
9130
446
1497
9052
2314
8383
3568
900
9073
1725
7002
6968
1863
1451
7608
849
3392
5813
3635
7214
3390
7823
4765
8883
2977
3475
4689
1237
1572
8194
5686
1382
5660
7203
5076
3771
5985
8850
6873
6329
5849
4597
8863
7237
6567
5793
4377
7877
7534
4429
8400
1839
5508
7223
1006
4447
6078
3142
3539
730
3595
1504
800
3692
4994
5856
6479
3976
3332
989
4994
7852
5617
8798
7583
8624
6517
2488
4210
2201
9159
5488
5105
7690
1205
6133
3774
2638
9439
9337
5678
1564
8529
5040
1690
2263
6195
2163
3706
2904
7350
2142
4194
548
3302
8291
7805
3548
5550
1325
1692
8746
6240
8557
1069
7257
3429
6724
249
4827
6348
4360
8050
2142
8524
5220
7870
3758
3418
7780
2239
1579
6445
8904
3934
1016
679
8743
1774
8537
1157
6056
9223
7832
1936
2438
7589
8165
4527
8301
1043
9054
6942
2469
3593
3072
6030
4900
5112
840
6268
4804
2100
8562
4272
4741
8157
8316
2503
6231
8960
4008
7607
4257
2486
4581
5
7979
1357
3738
2854
6325
6741
3832
6441
2095
5101
9369
8239
8857
8081
8100
3907
2546
4287
5239
9293
7577
4612
2378
6454
6264
7560
2771
1250
3423
1777
6971
9068
4202
6580
5769
2272
5511
4436
2567
3018
4944
4253
2648
1104
6061
6334
9094
3547
3633
3851
7215
5911
6589
2572
6766
1878
1415
5393
2716
8713
5819
4112
3974
6809
4628
7149
2048
3355
4554
1602
7773
6405
5220
7489
4047
667
6344
8429
7404
2647
584
3852
4012
6774
6106
9252
1757
6406
9277
8654
3197
942
790
8471
2751
5404
3561
5834
6986
3395
5856
3564
3619
7060
9089
5839
9274
6518
762
1555
8826
5439
4649
7218
962
3450
1988
2503
7103
5860
6007
6901
3487
8895
2560
4593
2860
2378
9274
3101
6605
6342
6904
2760
1087
6032
8184
5351
1301
6260
4259
9090
8589
1306
7770
7876
3685
3766
6504
8449
2272
8948
6279
6898
5201
5412
317
3406
4069
7627
6563
7227
3253
1145
8818
927
4748
3479
2844
7532
7736
1105
2276
8900
2621
5309
9386
6748
7046
5430
1362
1400
641
7649
8776
8630
5105
7659
7363
3017
5058
1909
7720
2349
9133
5811
934
2935
6969
6021
6830
9124
7703
7303
3808
8460
6873
9533
4199
557
6295
2798
3230
7766
2537
9346
2513
8410
3171
8503
1761
363
6776
2633
3896
5812
8360
3512
8791
2572
7704
3034
414
6418
5908
5622
74
6750
7397
742
5240
7803
5971
5474
6232
5777
5236
2347
8707
1537
4651
3957
6263
530
2980
8654
2685
5938
4296
3976
2616
3405
836
4855
3554
6124
5379
3390
7136
9412
5106
6519
3625
8958
7551
135
6502
2820
9147
3577
7892
7051
3471
605
3598
9397
6640
4471
3016
7752
9287
1974
832
8523
600
4883
3254
4967
2945
9548
8667
2258
6779
4394
3146
6005
7191
5018
6016
2775
1713
7682
2995
8600
4415
3792
8833
6403
9290
170
6824
1863
8930
6502
7502
8312
3136
8955
7285
8234
5926
2250
2137
2021
3216
1582
8488
663
8289
5242
2520
3125
1861
9081
7726
8311
3697
5496
1074
4508
3168
2582
1200
9387
6344
1516
7307
8986
9419
3870
2513
8001
4957
8563
270
3998
1540
3080
5788
4964
8640
2237
7988
6234
5231
3112
712
1973
6627
424
7072
2130
5713
5411
2891
1435
7929
1683
4441
7104
8525
3656
7876
7299
9179
9027
3164
5966
4621
4634
2275
2664
8868
7665
5639
4057
554
6952
1636
7246
6218
4399
3924
2055
2340
2465
9008
6603
2719
2790
1997
9437
8557
5674
9359
3971
1566
5759
1339
2105
3800
375
7815
7578
4350
165
4296
7412
5211
9291
1934
3738
2806
6240
4298
4371
4880
7775
7505
3673
668
7132
9305
1121
8381
2210
6360
4122
4744
3266
1088
930
7967
2186
7020
7802
2920
5123
3421
8826
5393
4126
2049
4189
665
8652
5578
9437
4313
7578
2591
3983
4819
2329
387
2115
3810
4055
7339
7152
764
8228
8268
4375
341
2670
8086
5875
7644
1147
2819
3303
8
5692
8404
5723
2707
8239
6995
1771
5142
3017
5875
564
1585
4278
7168
8775
9457
8415
1723
7711
3655
5489
5354
1168
7724
9294
6439
5799
4119
7372
7779
5265
9503
4654
6433
4813
2629
1929
5809
7138
2049
7696
2719
3346
2496
6374
5241
6341
163
8423
3982
7353
6762
4464
3346
7313
5998
5241
8305
5892
4159
1027
7631
5028
8307
1600
4941
6875
7381
7869
3763
1965
7592
4333
174
4974
850
3655
3080
4373
4440
347
2491
1212
8020
2821
3338
5546
2276
8877
5785
9500
8036
7543
2462
963
5155
1428
8894
1385
4222
6576
8420
1929
137
4836
4159
2861
7734
6648
1020
461
2455
6818
5918
7033
399
878
8273
1715
508
9102
7224
5302
2043
7517
6142
2644
681
7400
4526
9384
8953
4795
8312
7180
3344
7068
5341
4743
1528
4003
6592
3763
207
776
5988
188
1829
1535
1467
3596
7099
3838
1920
6785
1769
8824
9361
1537
6850
2578
4887
2014
7201
9117
3983
7264
347
8401
3066
9412
3147
8956
2565
624
7317
4941
1546
621
7674
5749
4867
8590
1162
797
8664
9454
3645
1924
3096
8151
9130
6074
2814
3255
6895
2271
6056
6995
1758
7625
412
3046
3374
18
3925
6513
1993
5334
7993
9367
6613
656
9445
6462
7835
8779
6767
3461
9200
9118
4694
3066
4338
5258
5126
3046
6691
6848
4346
1892
7951
9394
2535
6582
2030
3132
4629
1420
4694
8779
6059
6584
4503
6825
7060
3102
5637
4625
4862
3615
1865
6676
2247
8429
3200
8336
4218
6545
3473
9062
954
107
6575
2284
6501
6049
6048
4049
8381
8839
7229
3710
1394
1193
4799
3982
8618
4860
6890
8117
2414
7017
9070
9247
4107
1413
8549
3530
2026
4561
4142
2168
7551
4114
7243
2865
110
1998
7488
7879
5559
7729
9160
3747
5259
8507
2587
1769
2427
4990
4889
7442
5902
391
1962
6136
1710
1821
4747
6357
9293
203
4025
805
5032
3333
5482
3775
4971
5490
103
2217
2697
6430
7419
7700
5002
2432
6225
4065
3319
6730
5983
2456
4458
2909
783
5057
3260
3676
9467
6088
566
860
5459
2203
3782
3468
2565
6867
8640
4310
8098
4736
5195
8522
1569
6229
6382
7217
8036
898
7143
5749
2171
5495
6433
3015
6484
7429
7549
9293
1366
3638
777
6034
5463
5194
7205
6255
5083
5214
8752
2926
1931
8967
6003
1450
7861
3896
6943
9269
9036
5359
7469
6717
2002
9083
8080
2184
2417
8801
3704
8634
1010
1017
692
8720
6383
2980
6501
1050
2128
1353
8198
8407
5292
6208
4982
5821
4956
4097
4127
5024
1258
3798
3087
3831
7165
5318
3919
8616
1484
3067
1793
3935
1402
1944
1243
2638
7024
2581
5016
4327
4886
7823
4169
1728
8686
5874
3883
5348
6383
2609
6900
7163
8718
2867
4523
3552
6481
2712
8635
9302
4600
8939
1675
1631
5163
2407
6749
6533
3006
6086
2934
2800
4954
5230
7547
3273
5942
2993
6488
1134
4992
4280
9249
8320
1428
8374
412
1320
8205
1002
648
2387
4866
6521
7795
6565
3404
5923
6844
3576
2341
1259
1639
6107
956
8648
1466
9228
6751
5358
6488
4086
6448
2204
4521
8854
8547
4878
7781
6093
3612
3387
4699
8088
6962
3777
7305
221
6645
4799
2005
9415
5772
9402
4142
5791
7856
2481
3842
1608
9063
7678
4152
3571
7033
7046
631
9144
8923
5872
7795
6815
622
1086
1558
4430
5294
4289
6195
6757
3942
4458
316
8720
7468
3985
5472
4745
5201
3071
6323
3176
8890
4197
1278
5723
9135
7716
5320
4669
3753
4036
5000
7553
7527
2728
6340
2861
8973
8920
8814
8450
4114
7330
5296
703
2379
6584
5869
727
3332
5758
9460
1728
4610
6299
2031
4904
1842
1088
3540
6169
7820
4012
7719
6841
5778
4660
3995
5583
9148
2009
791
4841
8073
8739
4700
1530
4214
8215
4374
6705
3079
2358
4358
5425
7723
4277
3272
3161
2875
6187
9474
7246
4929
9193
3423
4492
8618
7533
5787
6052
5366
559
2884
6555
8977
8244
3707
8309
5804
2150
1869
7681
6067
7851
9046
2234
3530
3887
4932
7638
6940
4240
6692
7443
5481
3468
3800
8769
478
8184
7764
4938
5754
4343
4258
6202
7714
4895
6035
2766
9019
2066
5552
653
5313
7102
6945
7465
1877
3117
4291
7497
6226
9543
4487
1911
1610
5238
3604
3896
6636
1693
3283
3574
2426
1179
1752
2614
4640
7177
4911
2101
4655
7137
3608
1468
8095
6536
8899
6633
4796
99
5718
199
7606
3249
3056
8815
3836
9332
5865
2630
6076
7204
4734
6390
9121
7676
4589
7178
616
3401
5986
2741
4755
5370
8284
2361
2854
875
5744
7654
9085
6338
5995
6891
5151
8432
7103
8160
4977
4803
380
3708
656
866
536
4242
7615
8666
643
4138
8216
8551
6311
8943
4488
5092
6970
3711
8910
788
6168
7015
7752
3065
8538
7215
7844
5307
4555
4832
1621
7636
6923
8873
4932
839
5240
8166
1337
8977
1090
1044
6583
8105
9317
2495
3425
3394
4835
7366
8072
7855
8192
2247
3969
2931
7545
3944
314
380
4485
4210
9307
1572
7262
6406
6414
1797
3006
1111
6926
8289
6514
2362
7056
7015
9184
3889
7352
7399
3174
538
8662
9418
8828
2755
4339
3073
7870
2023
8486
8141
7100
7589
1902
325
4871
1058
9417
5702
2520
6754
7450
19
7710
906
5927
9371
4651
8933
8121
7986
5811
6073
2536
5907
5245
8385
5514
475
4229
2740
5037
1859
4648
4560
1449
6179
6158
4846
310
8324
7817
2361
8579
7756
1938
9144
1213
1598
4736
3444
6759
3570
6175
5470
5967
5710
5133
6099
6462
2742
2147
8821
4074
3000
2173
8446
6227
1361
5826
7559
8213
3928
5550
4140
2060
8875
9205
223
8051
2293
2222
2790
2848
3810
8799
7351
7048
6517
4858
7896
1667
6150
4426
8527
2988
6727
3593
3803
4653
8285
6832
1167
626
5707
3079
4758
3294
9381
1478
8844
6250
4897
4317
7175
5599
5598
2539
2028
7187
3117
8821
8735
1898
7095
5965
7356
9445
2981
2106
6931
2989
5822
7554
3755
8194
1609
4256
2973
1185
2102
7470
1279
877
2920
8292
4111
2557
7440
4717
5356
3596
7899
9416
3876
6037
2310
9180
7509
8430
8916
2247
7800
7952
9235
8502
3158
7728
2464
8233
3005
7415
4923
7217
2908
8070
6374
2286
1476
5716
9178
8525
8848
2199
9215
7843
4088
7453
6881
5418
1871
1787
2962
4215
3108
3468
5845
4799
8796
4911
8661
1841
4378
6826
4727
3427
4966
740
788
5016
7632
4076
7422
2934
3802
8366
8348
9259
2493
6011
8540
5797
501
9480
8601
5803
9240
3022
292
1037
2097
9044
1735
8912
3283
709
1020
5437
4225
8006
4360
1020
8209
741
400
6849
9286
804
3057
1515
2365
3815
2407
1608
7523
4132
7126
6205
1765
3202
2064
5672
7923
1799
4245
2871
6009
247
3332
5839
3464
8324
8709
4890
5115
3428
4480
5122
5717
2742
3261
4341
703
8256
2976
1592
2238
9444
7580
8829
9267
8048
5375
8213
4234
4339
7144
891
1992
2451
9048
4560
2754
7366
5075
1291
3885
6198
6809
7812
6215
1936
6680
1727
9122
3241
5013
6524
8835
5802
3449
2749
6399
112
2915
850
2162
7666
6022
8616
1581
299
5909
1945
6523
8051
7353
3111
1267
8117
7537
1529
5567
3179
9306
9212
8899
7754
820
8140
3435
1402
1739
6659
5738
5268
5311
843
9252
7954
1860
7847
7285
8153
8071
2967
5523
989
8769
7053
7441
9320
2974
362
6811
739
2562
7620
7664
1072
5562
3882
378
5158
6794
8577
7808
8819
204
3974
7667
6623
3773
5189
3418
5762
2673
5271
977
8114
1243
8869
3062
1801
5622
1100
5789
8936
7678
9277
4303
3172
3537
817
9277
7362
6233
9484
7084
1150
6299
3863
8640
8597
2850
2788
8330
2597
8059
4319
2150
1855
441
9259
5466
2689
7525
3314
3836
8731
9206
5402
6789
2887
8969
4260
2776
5326
5177
1944
320
4610
1125
269
3217
5467
8944
3170
2772
511
3953
1594
5038
7533
5344
1871
6279
4505
5952
5151
3219
5435
7351
81
1958
6348
5807
4795
6535
3948
7135
6051
803
7730
3650
2034
3035
8225
6370
1399
2850
8617
3851
4833
2173
8641
4741
8095
5491
3851
8494
4219
8007
2840
7758
7420
4278
1081
610
6337
3152
2367
9343
5233
4850
572
8414
6412
9418
2079
9374
4033
1257
4663
2950
3266
3514
3626
2911
2678
3224
6386
1328
1662
8383
4545
3259
9291
1084
3239
5255
2257
7573
8067
952
514
5684
5098
1356
4149
5973
6658
5133
6340
7907
8205
8917
6156
7542
4530
2517
1925
7589
6137
1217
4806
65
8723
5685
394
2685
3311
4834
1059
6357
4839
5618
8863
9186
8265
6059
5092
5046
8048
1487
5462
4923
2647
804
7314
2642
3817
5339
2734
3180
1842
4525
1477
1404
2391
1157
7994
3205
7180
7080
3046
2349
1610
5092
3066
2944
4862
5389
8056
1775
4479
5446
389
3110
5373
9146
8826
4092
1980
9396
3215
3885
8627
3416
872
3888
991
8337
1903
4328
2741
2838
8409
7402
8023
955
435
2049
5274
8272
4827
8398
2097
3823
9284
2190
7687
8762
1765
6552
773
6942
7885
1645
9099
6335
5462
6719
6265
3069
7789
3549
2396
8250
2000
2846
6090
7695
2905
3961
8815
3009
3602
4568
6935
6561
5124
5084
8838
3372
8315
5088
366
3985
8336
7971
3762
8745
1285
7233
3845
3719
4705
4930
4726
2583
9030
8852
8405
8728
6065
8876
6879
2630
6293
6363
4788
4081
8882
1713
1715
2138
1160
3641
5219
8066
5592
8508
6631
8193
3407
1946
5176
1830
8056
9049
2164
7374
2732
7515
4614
7479
5183
1423
4010
9100
6349
8486
5893
1753
6384
1481
5315
1094
976
362
8394
5864
2107
1515
1245
4719
1279
674
1451
7527
4199
6127
8418
964
8733
6275
2093
4783
124
7018
8876
7851
4164
5642
7647
8771
4633
439
4873
7954
984
7582
4079
9092
717
6567
8427
3492
1987
7968
2192
4999
8628
4962
8688
3442
1666
8222
1671
2953
6363
2240
4126
8097
5925
9224
5010
8587
349
7245
1088
9176
1321
4464
4966
4458
8577
1787
8691
3481
789
4574
4052
7430
9241
5881
2696
2474
5786
7451
3763
8604
5498
4533
4028
420
3900
8053
8357
4863
8444
7838
8760
1749
8496
8078
7721
2844
7517
9096
4377
4705
697
2230
7030
2251
6567
601
8439
6270
5649
4035
6610
7378
5896
7601
8632
585
6702
3091
8035
638
4162
9379
4883
6276
4713
2350
3758
5018
5265
6242
615
7606
4247
4611
6878
1107
278
7568
6517
7482
4005
4552
8725
7226
8694
4301
2234
7851
6332
8097
4760
5349
5698
4456
4276
7900
6408
1062
8280
5069
4257
6334
3044
3713
7892
7011
6126
7001
5915
6827
6708
4280
6016
8288
2767
1850
923
6113
7932
1559
471
4647
3802
5172
4080
1079
5615
2187
1299
1155
2833
7721
4028
5637
1708
2825
8662
1129
840
7786
8309
2381
4328
2638
9337
8657
8232
4967
6421
5042
6785
4900
5266
4052
6577
718
9211
6246
1170
350
4917
7904
7883
3584
8409
4078
7805
8282
9364
40
871
4555
3736
9382
6743
7334
3108
7761
4326
5983
1680
6349
589
7327
7829
5993
8576
8298
208
3847
2491
3313
152
3722
9096
775
2111
3775
9091
6244
5614
5804
4548
2775
355
4570
2858
1343
2301
6170
1204
7979
5493
5134
7040
5370
5575
921
9204
4733
6512
6350
377
8086
8613
8255
6265
79
5461
3052
1149
6231
1355
9300
5123
1712
2924
1509
9148
1414
6145
146
6326
7787
5889
2202
7330
1111
8548
3498
1575
4171
6192
1063
5196
7491
4563
4451
1360
1256
4187
3114
2746
4368
167
4877
236
6316
5687
9168
7607
881
3909
6311
5620
9291
1079
8129
9407
5681
6348
8856
7697
1181
3435
6838
1826
4796
1269
99
4936
4403
2458
2463
3056
2799
9228
2511
1543
1215
4792
1771
6660
8346
2569
9282
8875
8581
397
7817
109
7626
8534
8360
3804
4990
2649
7405
1770
2710
5018
2841
894
5057
2738
231
1086
9303
775
1929
9441
8648
5250
199
2379
5122
6460
4346
5376
6699
6299
5070
5070
6955
4056
8139
3848
275
5446
6283
6363
6934
334
416
255
8411
3849
5664
3252
1339
8187
958
5148
5580
4203
5392
7728
8208
5532
506
1769
7029
3533
7327
6833
2200
6632
8685
4340
2933
6050
2062
2660
2811
787
1711
4159
4855
8793
5239
1393
8095
4365
6664
3183
9053
789
5171
4347
4084
4339
2462
4564
1535
4113
7873
8179
1480
4723
2866
4788
416
7008
4391
9472
2217
4384
696
2095
9186
1797
8063
4395
6453
9468
4690
9215
4897
4548
4122
4670
7178
4493
1468
8867
1859
5913
4154
2578
1204
66
2432
7418
6317
6085
7822
4911
4813
5741
5624
151
7714
9140
4350
2251
3318
3895
1197
457
4942
8570
9304
2470
6255
3976
9353
6355
3608
8016
212
5836
2375
8884
2413
8324
8397
7241
5069
3614
1181
1994
852
2213
4080
9175
1104
8996
8752
6388
6512
4821
1631
2574
4675
515
678
8074
5526
8294
1388
5430
2257
2328
5651
8469
2405
6421
3550
6634
8486
9339
1810
701
4024
7075
4384
4653
2947
7754
3284
2288
8413
4343
5636
4126
4100
6339
4710
6498
4801
7763
7435
3913
1325
6262
7913
7093
687
2238
2909
7994
4531
6263
1826
6457
6686
3399
8209
6930
9489
5439
8398
6702
9025
7569
9385
7790
7634
546
1940
5633
7114
9150
2421
2287
4899
7371
3595
9420
7484
9318
1022
6498
3964
4940
6698
2255
8840
7068
7186
1863
2187
3440
5285
6751
753
4836
2237
3324
8496
8151
585
8905
4697
3122
3293
8495
9406
6337
7193
149
1365
5883
7022
5395
5717
42
8168
5766
1912
5424
9511
5793
6284
9032
7027
6013
2077
1429
4056
4079
7055
2955
6138
6174
2612
7579
5670
2227
3904
3518
6813
7807
2121
1766
6224
8186
3652
2306
1086
6780
4956
5702
6159
7866
7486
4676
3790
2173
5938
5286
5816
4755
1871
2310
9267
1099
7391
849
1849
3748
741
4721
1578
3239
6475
6904
6493
1885
264
8988
2643
4699
7960
9486
1528
2400
5965
6761
7255
5098
9010
5087
6357
5231
1625
1685
6923
725
1903
8398
1338
7922
7363
4485
1875
3089
352
3916
4666
7424
4864
2918
9090
3058
5804
8824
7318
966
1736
5703
8237
5948
5042
735
4109
5487
2407
9399
5391
36
7036
2024
2241
3832
8942
5185
6668
928
2507
6542
3942
2176
5571
8385
2961
8284
3279
8533
2693
6917
6900
4784
2162
7454
6273
5878
699
3363
6620
2843
7690
8709
2929
5010
2439
6395
9025
3565
5269
3668
7130
8369
6835
3961
3232
3153
8204
1452
3300
1293
5113
3190
2102
4980
4629
860
7315
6956
548
5931
6983
1066
6331
6542
4602
3143
8618
4411
527
7189
3927
1029
2629
2008
9297
7409
5730
1477
638
3328
1821
2750
4616
4289
3639
7446
410
1237
6813
1154
9181
8965
5262
4918
2208
8556
6658
1706
8172
2574
4701
25
3266
6792
5021
5490
45
4844
3600
7456
4245
6104
7245
6095
1931
3939
9186
3681
1216
4082
2298
8148
4557
1872
6309
8530
3789
6154
6565
6373
7519
5036
7863
509
9011
6662
4422
1140
8217
4349
5680
4724
2075
4884
5130
4896
9297
3869
1249
6177
3600
824
7135
3253
1819
4143
5777
4097
6825
4083
3048
1802
6751
9420
692
3147
8341
7317
3370
2003
7923
76
4497
8107
602
4095
6931
6273
5231
4510
3668
721
5081
574
4613
6500
7028
4322
3266
5032
4587
4468
6734
9072
889
2822
5414
3575
3628
6588
5942
6093
6601
8153
2492
7431
772
8557
3685
2862
3129
4618
6282
3255
34
4547
5818
7746
933
7475
451
5599
4912
1888
1258
3005
7514
5495
4374
4131
7351
4187
5474
8482
5811
8617
7389
8769
3064
6766
2843